#Map to device
 0,  23,  37,  47,  55,  61,  67,  72,  77,  81,  85,  88,  91,
        94,  97, 100, 103, 105, 108, 110, 112, 114, 116, 118, 120, 122,
       124, 126, 127, 129, 130, 132, 134, 135, 136, 138, 139, 141, 142,
       143, 144, 146, 147, 148, 149, 150, 152, 153, 154, 155, 156, 157,
       158, 159, 160, 161, 162, 163, 164, 165, 166, 166, 167, 168, 169,
       170, 171, 172, 172, 173, 174, 175, 176, 176, 177, 178, 179, 179,
       180, 181, 182, 182, 183, 184, 184, 185, 186, 186, 187, 188, 188,
       189, 190, 190, 191, 192, 192, 193, 193, 194, 195, 195, 196, 196,
       197, 197, 198, 199, 199, 200, 200, 201, 201, 202, 202, 203, 204,
       204, 205, 205, 206, 206, 207, 207, 208, 208, 209, 209, 210, 210,
       211, 211, 212, 212, 212, 213, 213, 214, 214, 215, 215, 216, 216,
       217, 217, 217, 218, 218, 219, 219, 220, 220, 220, 221, 221, 222,
       222, 223, 223, 223, 224, 224, 225, 225, 225, 226, 226, 226, 227,
       227, 228, 228, 228, 229, 229, 230, 230, 230, 231, 231, 231, 232,
       232, 232, 233, 233, 234, 234, 234, 235, 235, 235, 236, 236, 236,
       237, 237, 237, 238, 238, 238, 239, 239, 239, 240, 240, 240, 241,
       241, 241, 242, 242, 242, 243, 243, 243, 244, 244, 244, 245, 245,
       245, 245, 246, 246, 246, 247, 247, 247, 248, 248, 248, 248, 249,
       249, 249, 250, 250, 250, 251, 251, 251, 251, 252, 252, 252, 253,
       253, 253, 253, 254, 254, 254, 254, 255, 255

#Map from device
0,   0,   0,   0,   0,   0,   0,   0,   0,   0,   0,   0,   1,
         1,   1,   1,   1,   1,   1,   1,   1,   1,   1,   1,   1,   1,
         1,   1,   1,   1,   1,   2,   2,   2,   2,   2,   2,   2,   2,
         2,   2,   2,   2,   3,   3,   3,   3,   3,   3,   3,   3,   4,
         4,   4,   4,   4,   4,   4,   4,   5,   5,   5,   5,   5,   5,
         6,   6,   6,   6,   6,   7,   7,   7,   7,   7,   8,   8,   8,
         8,   9,   9,   9,   9,  10,  10,  10,  10,  11,  11,  11,  12,
        12,  12,  13,  13,  13,  14,  14,  14,  15,  15,  15,  16,  16,
        16,  17,  17,  18,  18,  19,  19,  19,  20,  20,  21,  21,  22,
        22,  23,  23,  24,  24,  25,  26,  26,  27,  27,  28,  28,  29,
        30,  30,  31,  32,  32,  33,  34,  34,  35,  36,  37,  37,  38,
        39,  40,  40,  41,  42,  43,  44,  45,  46,  46,  47,  48,  49,
        50,  51,  52,  53,  54,  55,  56,  57,  58,  59,  61,  62,  63,
        64,  65,  66,  68,  69,  70,  71,  73,  74,  75,  76,  78,  79,
        81,  82,  83,  85,  86,  88,  89,  91,  93,  94,  96,  97,  99,
       101, 102, 104, 106, 108, 109, 111, 113, 115, 117, 119, 121, 123,
       125, 127, 129, 131, 133, 135, 137, 140, 142, 144, 146, 149, 151,
       153, 156, 158, 161, 163, 166, 168, 171, 174, 176, 179, 182, 184,
       187, 190, 193, 196, 199, 202, 205, 208, 211, 214, 217, 221, 224,
       227, 230, 234, 237, 241, 244, 248, 251, 255